380
12
379
2
2
3
15
1
377
2
1
3
2
238
380
3
3
381
2
265
165
1
2
373
1
2
381
1
359
2
23
6
1
351
302
13
1
57
5
2
3
108
374
2
2
2
6
380
2
2
2
2
2
376
4
10
355
378
1
20
148
8
363
8
6
12
377
47
1
37
378
2
1
65
1
4
1
3
210
2
2
1
2
3
1
8
1
19
160
1
381
48
333
2
2
7
2
14
1
3
2
215
375
3
371
371
1
3
356
2
2
265
190
2
43
3
17
1
369
2
1
381
1
128
9
14
214
9
6
15
381
10
25
2
377
102
6
2
5
6
343
2
113
1
13
2
1
2
62
373
2
17
18
381
358
21
277
2
2
5
1
2
11
376
6
2
1
6
252
6
169
1
1
83
1
2
378
358
10
1
3
377
95
380
292
2
6
2
1
2
19
381
363
377
3
2
10
16
2
2
310
237
1
6
315
2
19
1
2
41
379
2
1
380
1
378
378
374
1
2
2
1
375
2
2
117
324
376
380
2
1
379
1
1
2
172
95
2
16
376
1
73
51
1
2
1
379
325
9
282
236
374
1
41
9
311
5
1
380
133
374
38
1
5
372
2
1
2
6
7
381
45
38
8
1
10
1
1
1
6
376
1
16
1
99
1
255
374
171
1
2
1
67
8
1
232
2
7
1
35
2
2
2
2
5
8
3
379
2
1
5
1
1
2
18
1
273
3
32
381
1
8
1
167
2
296
321
2
1
1
305
2
258
307
3
1
380
19
1
301
1
2
11
368
379
2
2
4
1
331
1
359
3
376
2
1
1
6
9
379
110
129
2
1
1
8
2
5
1
2
380
378
1
1
369
99
2
5
3
374
1
2
2
60
369
6
1
4
2
380
379
6
13
10
30
379
1
3
2
363
2
17
1
2
2
1
3
27
22
7
275
3
21
16
5
3
6
72
1
5
1
1
322
361
6
2
163
177
1
1
361
1
1
32
8
246
14
1
1
14
1
8
1
2
1
1
14
1
4
1
5
348
380
2
2
365
352
379
5
2
73
11
379
2
6
1
378
2
1
3
1
339
7
2
6
377
1
1
2
354
2
7
8
2
1
11
17
2
381
380
24
380
1
40
283
3
10
22
8
14
1
1
1
64
17
6
2
1
347
10
104
2
12
377
356
2
144
1
202
18
365
61
104
6
8
375
316
2
12
2
2
44
1
375
2
380
58
1
1
381
5
381
1
40
1
2
353
2
6
2
1
1
3
2
2
1
294
37
1
380
3
1
208
2
8
1
1
17
381
380
1
2
329
1
1
2
1
18
376
2
1
1
1
3
292
6
381
244
376
1
2
380
3
379
2
7
1
234
1
3
1
381
3
3
2
2
4
1
1
4
186
379
38
1
5
375
8
3
200
18
2
2
11
46
360
39
372
7
377
26
2
86
379
2
1
1
18
6
379
354
302
3
1
2
21
3
15
361
267
2
148
55
378
49
1
145
380
381
2
381
2
3
1
371
10
2
2
1
3
361
1
374
1
26
375
377
1
33
80
3
1
20
379
3
381
376
335
1
1
4
362
85
6
1
6
1
2
1
1
3
2
377
1
2
1
81
375
1
5
287
2
93
1
4
2
1
3
2
4
1
2
2
13
53
5
353
2
370
11
2
2
1
12
347
375
29
380
1
376
6
11
1
374
1
6
1
371
1
25
3
380
1
2
3
381
379
2
1
1
1
1
6
2
1
3
2
52
381
373
3
5
1
19
2
2
380
366
2
1
7
9
2
37
11
258
24
6
353
48
15
377
2
2
375
376
2
2
2
370
1
2
32
23
12
7
1
12
1
378
3
249
123
10
14
2
2
2
2
354
381
1
107
2
372
3
6
7
261
370
332
1
2
1
1
1
334
353
5
1
2
281
380
327
197
3
