1
2
2
2
2
2
52
2
2
2
2
2
1
45
2
49
52
1
2
2
2
51
1
1
53
2
1
3
1
6
2
19
2
53
1
3
30
3
2
1
1
1
41
16
54
2
50
2
2
6
45
2
1
1
1
6
6
2
1
1
2
1
2
52
2
53
2
2
3
2
2
10
1
2
51
1
6
51
51
1
6
1
8
1
1
1
2
2
1
3
2
2
1
2
52
1
1
1
2
1
1
1
1
2
12
2
1
1
2
1
1
53
1
8
3
13
52
10
52
10
1
47
2
1
1
1
2
8
53
3
3
52
3
2
2
1
3
1
3
1
1
2
2
15
1
2
2
2
48
1
53
1
2
1
52
1
2
52
2
5
49
3
2
6
2
1
1
3
54
1
52
7
6
7
42
3
1
3
2
17
1
1
8
2
2
2
1
5
2
1
10
2
1
3
1
1
1
8
7
1
2
53
2
10
1
6
2
2
2
1
47
2
9
1
1
54
50
17
1
1
13
9
1
54
1
14
4
5
2
1
2
3
2
1
50
5
2
1
12
44
1
2
14
50
54
1
2
41
2
1
3
2
2
2
1
5
46
2
10
1
54
1
1
1
1
1
54
2
1
54
1
52
38
6
14
1
1
1
3
1
53
2
1
2
2
2
1
2
2
48
1
1
1
48
3
52
2
9
52
2
2
1
1
1
9
1
51
2
51
3
52
1
2
1
19
1
2
9
2
2
1
1
6
2
1
2
1
1
14
1
2
1
2
21
3
1
2
2
1
2
3
14
2
2
2
2
8
2
1
52
54
3
1
37
2
1
52
16
1
1
2
2
52
3
3
13
2
1
41
2
54
2
2
11
1
1
1
10
1
7
1
3
2
2
46
53
2
6
52
2
1
1
1
1
1
3
11
3
18
10
1
2
54
1
1
26
47
54
1
2
2
1
2
1
16
2
1
1
1
46
1
54
45
12
2
6
53
6
17
21
1
32
2
51
1
6
3
1
1
1
43
1
1
2
1
1
43
3
14
1
12
1
1
1
52
2
52
2
13
3
