11
5
3
153
1
7
2
151
151
150
2
2
29
42
10
6
8
22
3
2
1
3
6
3
2
5
152
1
13
155
150
94
2
155
17
1
3
142
19
139
2
5
1
17
3
1
2
80
8
5
1
20
11
2
130
147
10
109
10
2
155
89
1
1
42
2
2
6
2
1
1
1
2
1
1
2
1
2
1
2
151
5
153
6
154
2
1
148
18
2
1
2
2
1
1
1
6
1
39
2
7
12
145
149
151
46
150
2
1
7
1
2
1
153
1
3
1
3
3
1
17
152
1
52
1
2
1
2
6
11
1
1
2
31
3
5
6
1
2
151
140
2
2
1
2
2
151
154
5
13
1
1
3
9
3
1
2
3
1
30
5
2
2
2
6
2
151
2
2
2
2
2
136
89
2
21
155
12
1
5
155
1
76
23
16
12
1
149
120
151
1
112
3
155
1
1
1
153
153
138
1
40
66
151
1
1
3
24
3
1
153
1
3
2
8
1
2
19
12
2
10
20
17
1
73
20
141
1
6
2
2
62
153
60
2
13
1
1
1
8
154
1
2
132
1
1
20
1
1
155
115
111
1
153
1
1
14
1
139
1
2
1
143
2
3
107
1
5
2
150
155
46
2
106
1
1
3
2
154
2
3
1
1
40
2
153
1
2
1
5
65
1
5
3
2
1
94
8
1
2
1
2
45
2
1
7
2
5
2
1
1
32
1
133
12
143
14
2
2
2
2
149
8
1
154
141
63
3
13
139
42
144
54
2
2
1
3
145
17
15
11
2
16
1
2
3
1
17
1
2
40
7
2
1
118
6
152
8
1
1
1
133
8
154
113
102
5
1
2
6
2
1
1
155
2
2
13
1
48
3
2
15
115
13
152
1
22
1
155
15
1
1
1
155
1
3
6
2
1
1
2
2
1
6
9
155
1
3
136
55
6
2
1
1
1
3
13
144
1
138
1
1
4
2
3
5
2
2
2
46
14
2
1
3
1
130
3
2
2
1
1
1
1
153
2
154
2
3
2
140
6
1
9
155
153
1
151
152
4
1
152
109
2
2
7
1
1
151
2
12
149
2
154
154
1
3
2
150
61
2
34
152
1
1
22
1
2
6
1
5
1
25
2
2
151
5
155
1
2
20
2
6
6
2
1
1
2
2
30
2
2
113
2
2
45
5
4
8
2
1
2
8
20
1
1
2
2
1
154
1
18
8
8
2
2
151
155
142
2
115
21
81
3
1
1
148
154
2
1
3
2
2
84
2
1
153
3
1
5
3
17
1
155
3
1
2
149
153
9
1
2
2
50
72
1
1
6
1
154
154
1
6
2
1
152
153
40
148
2
151
61
24
13
137
2
37
24
151
3
148
3
1
151
5
130
1
2
3
68
2
149
6
1
2
7
2
1
11
2
8
152
2
2
2
1
42
2
2
1
2
85
1
2
12
154
1
19
6
1
6
15
1
2
133
1
2
3
154
1
2
2
7
2
1
1
25
2
8
1
1
2
10
2
1
2
18
3
2
9
3
1
89
3
153
4
2
46
3
1
1
2
1
151
1
2
2
2
22
18
2
36
1
154
1
2
1
1
144
1
17
34
6
147
83
2
2
6
1
7
6
1
3
155
3
2
148
83
2
138
154
1
2
2
27
20
147
142
1
1
148
1
1
146
5
1
