1
1
1
1
1
1
1
8
2
6
2
1
2
2
2
1
2
6
1
6
1
2
4
1
1
12
1
1
2
2
1
40
4
5
2
2
4
7
1
54
4
1
2
52
1
52
53
7
1
3
2
1
1
53
1
3
4
1
2
54
2
1
1
2
54
1
1
3
1
53
1
1
1
48
6
1
3
5
4
4
1
54
1
4
3
4
1
2
1
3
4
3
1
1
2
30
3
2
2
1
1
1
3
1
1
53
52
7
1
54
1
1
1
1
2
2
1
5
2
1
1
26
5
3
4
1
15
54
1
1
52
1
1
3
53
53
2
48
2
34
3
1
3
49
1
2
1
5
2
2
3
1
33
2
2
1
1
1
53
53
5
54
1
1
5
1
2
1
2
3
1
1
3
1
52
1
2
1
6
1
54
1
1
1
1
2
5
2
19
5
1
1
11
52
1
4
1
1
53
1
3
2
54
53
2
1
3
1
54
49
47
1
1
50
2
52
8
1
13
4
1
18
15
1
4
1
1
3
52
53
4
1
15
1
52
1
2
5
52
53
5
1
1
7
2
1
2
1
1
1
1
2
1
2
1
2
3
2
1
46
1
1
2
1
1
2
5
2
1
2
1
1
3
4
2
1
2
1
2
53
3
3
1
4
1
4
2
2
10
4
3
4
6
51
52
1
1
26
53
4
1
1
1
52
3
1
45
3
1
53
3
1
52
1
1
1
2
1
1
21
6
2
1
1
1
1
1
20
7
1
54
3
14
3
3
2
1
1
1
54
16
1
1
1
2
3
2
2
1
3
2
52
3
52
2
4
3
1
52
1
2
4
1
2
2
1
14
2
2
1
2
54
11
1
53
51
1
1
52
1
1
2
3
