155
148
153
1
149
129
4
153
154
5
1
2
2
145
1
5
42
4
39
2
6
2
4
71
1
2
150
144
1
31
1
1
2
1
1
3
154
1
1
129
102
127
1
2
133
145
3
151
149
130
2
1
1
146
146
13
4
2
138
1
1
1
8
1
1
2
8
142
2
1
2
1
1
155
44
41
2
1
13
1
1
4
1
1
7
1
3
1
20
8
155
1
1
2
1
138
3
1
1
1
3
22
1
3
3
3
3
1
143
2
3
1
7
1
155
2
5
148
4
1
144
1
1
1
1
2
124
1
1
150
1
3
149
1
1
153
3
1
2
3
11
2
1
1
8
6
149
3
155
1
14
2
3
11
19
144
38
8
1
1
154
2
2
2
7
151
152
154
1
1
12
3
154
3
2
154
1
1
141
1
1
131
122
1
110
155
1
2
3
4
3
154
4
154
14
1
1
154
2
20
1
1
1
1
1
4
84
77
1
1
2
1
155
152
59
155
22
4
5
2
3
125
2
2
2
2
148
5
97
150
6
142
143
15
154
132
4
2
21
7
2
3
1
2
48
5
1
1
7
154
2
135
124
1
7
1
1
2
3
1
7
1
4
1
1
2
2
137
2
153
4
2
1
1
7
1
4
1
11
6
5
1
2
113
1
1
2
2
154
1
4
2
1
97
1
2
4
5
1
6
7
147
2
5
4
2
2
1
3
1
1
155
7
3
2
150
2
99
1
1
155
2
2
1
1
24
154
97
1
1
51
1
9
1
2
3
155
1
3
1
3
1
1
2
2
2
2
2
3
144
3
3
3
3
4
116
2
1
17
1
2
1
3
22
1
1
155
1
147
53
3
1
2
4
113
1
2
149
2
1
34
153
1
30
1
133
2
3
1
3
2
1
14
4
117
1
64
26
1
3
1
2
5
6
153
1
3
76
6
144
5
12
2
3
3
3
1
127
2
4
4
126
1
139
5
6
1
1
33
2
155
130
1
38
2
2
1
152
1
1
11
3
4
1
150
2
154
1
3
116
2
1
2
7
8
154
1
5
1
9
151
2
2
2
1
151
152
2
2
2
153
11
1
2
155
2
1
6
1
15
3
79
2
3
46
24
12
155
3
3
1
144
2
4
134
1
22
6
2
4
3
4
3
2
154
154
152
153
1
2
2
16
1
2
115
2
1
148
148
3
1
47
1
148
2
1
1
155
1
155
153
1
146
43
1
2
154
2
3
1
4
155
104
75
1
1
154
2
3
155
1
4
58
1
153
8
2
6
5
3
34
1
7
2
3
9
1
2
2
1
1
1
1
48
3
1
1
1
1
138
1
1
2
35
110
1
155
1
2
3
5
63
7
87
1
2
1
155
92
154
1
2
6
2
6
2
1
154
152
2
1
3
2
25
154
152
3
55
1
5
2
9
1
3
1
3
150
1
153
1
4
5
131
2
11
1
2
1
1
1
152
3
17
2
1
155
35
1
1
2
96
72
155
1
2
1
5
7
2
2
1
5
1
14
1
1
1
17
155
1
4
5
147
26
155
12
1
1
1
138
3
1
122
1
3
130
47
2
2
3
6
4
116
1
151
3
153
2
2
