3
356
6
175
140
379
42
2
2
1
195
380
372
14
375
277
2
3
1
2
1
290
9
2
256
6
368
378
2
5
2
4
2
72
3
31
2
1
8
371
1
26
1
1
3
2
380
9
379
377
1
380
3
381
381
5
1
17
260
4
381
1
2
379
2
5
2
1
379
253
4
373
3
20
380
16
1
44
311
2
326
12
2
3
378
379
1
238
1
342
380
4
1
233
379
3
3
17
1
2
2
1
2
7
279
7
15
2
1
380
381
1
362
8
1
1
7
4
1
2
5
6
377
20
4
380
2
1
3
381
376
381
9
380
1
2
364
370
2
1
11
3
5
25
94
2
1
52
381
1
352
5
10
381
1
1
366
380
227
337
162
326
3
1
373
1
1
2
380
379
5
22
1
381
2
1
8
3
4
2
369
2
1
103
35
2
3
1
1
4
71
255
2
380
20
374
380
334
2
1
377
1
2
1
380
13
381
2
276
1
371
152
5
1
1
1
265
6
2
1
379
4
2
3
376
1
4
376
380
381
60
381
1
100
4
2
2
3
1
232
2
16
1
288
380
1
324
3
1
3
317
358
253
1
6
7
1
1
380
68
1
4
2
7
1
1
381
381
4
359
2
1
158
2
1
8
2
380
8
71
5
1
2
2
375
2
375
3
2
2
1
4
6
2
368
1
2
372
187
3
1
2
1
1
371
1
1
1
5
3
1
3
374
35
1
1
381
1
1
1
1
2
8
1
2
3
3
381
9
4
6
6
1
367
2
1
1
19
1
11
361
1
1
380
373
5
379
1
12
323
1
372
336
70
1
1
1
2
1
1
2
45
1
2
1
302
1
6
2
2
1
375
2
3
1
280
3
2
1
381
375
363
4
381
2
1
4
98
362
8
84
1
126
1
3
1
239
338
379
379
1
7
17
239
9
3
2
1
352
381
381
55
361
3
6
381
1
2
2
370
1
377
5
1
83
377
7
1
1
1
3
2
17
4
30
31
2
2
254
2
68
380
347
4
2
1
2
381
4
376
37
380
85
245
2
7
378
28
1
3
1
1
3
2
2
2
1
2
364
2
1
3
1
371
1
25
4
1
376
6
150
5
50
298
5
3
3
2
1
2
381
1
1
3
5
373
317
345
1
4
1
2
1
3
2
4
381
2
2
6
2
380
1
6
2
376
29
2
381
379
1
18
3
380
3
28
376
2
2
2
1
9
180
1
1
2
376
6
1
71
370
1
15
11
1
279
3
342
1
1
379
2
1
381
11
2
2
6
38
364
2
1
280
1
347
1
1
14
381
374
4
2
366
1
1
3
1
378
247
24
1
1
5
1
1
45
2
338
1
7
3
1
5
4
12
2
377
6
380
38
13
379
2
14
2
381
4
1
234
1
2
2
1
4
12
1
2
4
378
58
312
380
1
380
377
1
380
98
1
3
3
380
1
379
4
1
2
2
128
7
3
368
1
2
4
2
1
297
6
2
381
1
378
24
5
1
1
50
379
3
1
1
348
6
367
4
1
247
1
381
2
2
1
380
6
367
92
2
380
5
10
377
375
1
370
356
1
1
347
3
2
3
4
4
9
2
380
2
373
374
3
368
374
372
364
344
2
1
305
380
2
1
9
369
2
3
2
2
308
370
2
3
3
20
1
381
219
381
4
5
1
380
4
1
365
2
4
2
380
381
86
380
3
298
371
53
293
4
1
1
7
3
5
364
1
380
367
376
376
325
357
3
2
2
3
377
8
2
4
381
1
18
362
1
1
359
1
337
1
345
379
2
4
4
374
3
4
48
3
379
1
2
2
5
1
1
231
6
333
1
1
1
111
241
