2
40
24
3
7
1
2
1
87
2
4
93
1
48
6
41
3
1
6
2
1
77
1
3
1
3
7
23
3
1
1
1
118
1
2
2
1
2
33
72
1
56
2
1
2
4
2
1
22
1
76
14
137
2
26
1
2
3
129
1
141
146
1
2
5
4
4
138
1
6
10
1
1
4
1
2
1
20
75
59
134
146
1
1
126
129
2
61
119
1
4
3
2
2
138
2
1
5
45
1
133
82
1
149
27
2
1
136
140
1
78
47
5
15
3
1
1
3
4
1
113
44
6
42
1
3
1
1
1
15
12
2
1
5
1
141
5
11
121
2
27
107
151
129
7
139
133
90
146
1
99
86
9
1
1
3
1
27
1
5
39
5
1
106
3
23
1
3
64
1
2
10
6
129
95
88
21
2
126
128
2
2
3
1
1
9
1
6
103
55
3
1
155
5
3
8
154
7
2
53
42
24
1
1
1
3
10
7
1
22
21
2
1
119
16
4
2
14
2
2
65
1
136
14
2
49
31
110
4
72
6
1
2
3
63
2
5
2
1
155
2
1
1
119
2
1
34
1
2
1
2
1
63
21
82
1
144
121
1
22
143
17
15
5
1
1
105
130
2
1
1
3
1
153
138
8
1
135
1
128
2
14
8
103
5
13
4
35
2
3
1
134
56
5
3
78
102
1
130
16
19
17
2
21
3
2
16
97
18
29
20
31
43
123
1
123
23
2
50
1
1
7
22
15
4
2
68
136
1
109
3
53
2
38
6
1
1
25
117
2
1
147
71
4
8
3
139
2
94
2
1
53
32
35
3
151
2
13
74
137
1
13
25
154
2
13
91
1
4
5
3
2
6
1
3
51
10
137
1
70
4
2
145
144
9
140
9
2
1
67
29
19
47
3
2
51
2
143
2
2
21
1
76
2
2
83
1
44
102
2
24
1
3
3
74
3
60
2
3
3
81
52
1
30
2
12
37
51
1
110
1
153
1
120
83
1
6
1
110
2
1
106
62
154
1
3
3
1
114
75
151
135
73
17
54
118
2
40
3
1
1
130
152
1
152
2
2
1
2
1
10
5
7
6
2
140
1
155
23
1
4
2
1
1
3
138
1
4
1
76
1
144
4
3
6
111
2
1
56
1
2
152
4
31
7
3
2
2
5
31
1
5
5
2
2
2
147
14
6
1
72
141
3
4
32
1
111
1
2
3
7
2
4
91
3
4
5
3
16
3
1
132
3
11
90
1
1
2
153
1
2
2
154
132
7
1
27
143
99
1
1
98
1
27
83
116
4
63
2
1
1
106
2
136
3
132
4
48
3
115
2
50
3
51
147
139
14
1
2
14
2
36
153
25
105
146
1
110
7
6
1
1
1
1
138
2
17
2
31
71
1
114
103
119
125
47
3
147
1
48
122
5
3
79
2
4
2
31
1
14
4
1
50
80
4
1
144
3
2
1
1
36
1
2
113
151
4
98
66
1
5
53
3
1
5
14
3
5
51
4
2
5
98
118
147
1
1
2
1
143
4
136
1
2
2
111
3
1
2
53
1
38
132
58
12
94
3
1
1
2
2
29
1
2
150
1
9
134
2
2
1
5
109
1
1
2
1
62
1
3
8
3
1
4
35
1
7
2
85
1
134
96
65
4
5
38
22
89
19
2
6
15
3
39
4
119
3
1
37
85
4
2
112
4
53
5
3
1
2
2
2
144
20
1
2
55
4
4
2
7
3
111
4
145
141
3
45
1
2
93
155
24
4
1
151
133
2
4
3
117
85
2
1
2
113
1
99
106
12
1
15
1
107
1
68
5
5
54
25
27
3
120
1
1
1
2
56
57
1
1
3
20
2
1
23
93
3
4
1
50
10
14
3
1
45
1
2
4
4
4
112
24
1
4
1
3
2
4
118
3
74
1
146
137
5
8
1
105
2
3
93
4
135
1
2
1
93
96
86
114
2
15
2
2
2
1
134
132
1
3
2
2
1
2
23
3
79
133
25
7
3
3
99
136
14
109
1
1
144
7
140
7
152
8
1
3
47
118
9
129
16
92
1
2
1
43
3
33
1
89
1
1
1
3
40
4
5
11
3
86
127
29
3
37
2
142
117
4
2
10
1
60
38
6
79
10
4
130
14
1
10
35
52
4
1
7
81
90
8
126
1
1
1
1
74
1
2
1
3
142
95
1
15
133
4
2
3
5
4
1
1
32
114
