4
17
2
212
3
1
88
1
4
6
5
2
1
52
280
17
7
1
2
2
187
1
50
1
1
5
44
13
3
241
5
194
24
375
1
1
1
222
100
2
363
228
1
4
5
1
60
2
150
227
1
1
5
1
6
2
1
3
1
6
1
108
121
1
2
1
5
30
1
3
1
64
1
1
276
348
282
31
44
2
340
6
22
2
109
3
1
5
199
2
1
2
34
151
2
124
8
1
2
2
376
377
154
2
233
3
109
1
174
1
1
1
14
265
1
1
1
1
196
5
256
5
2
1
230
1
18
57
1
358
4
2
1
10
67
8
1
280
1
4
47
60
5
3
50
60
2
35
211
26
10
1
6
168
6
3
2
4
1
1
350
213
40
3
3
15
2
161
5
168
219
4
6
1
277
2
1
111
166
2
6
2
4
17
1
263
4
1
3
216
138
6
5
40
2
2
207
2
140
1
1
4
349
2
75
50
2
1
2
3
127
348
1
2
60
281
1
39
266
1
8
1
3
2
2
1
1
201
2
1
5
1
8
9
1
4
89
51
3
4
6
171
2
1
1
1
1
2
1
78
6
1
1
12
2
1
1
5
2
2
157
4
1
2
3
4
180
201
4
2
320
4
3
3
1
327
2
3
10
2
3
4
1
1
10
2
18
1
1
17
1
1
1
17
33
223
312
22
185
19
3
2
259
250
262
2
287
35
13
4
316
227
104
110
375
292
2
1
1
1
40
33
67
11
4
4
1
196
33
328
2
1
2
2
4
3
103
5
170
1
4
6
106
3
18
46
166
27
330
14
285
5
2
3
1
5
1
2
2
289
1
316
1
3
1
129
2
266
270
14
4
285
3
1
9
229
300
2
1
2
4
1
1
8
9
1
321
5
249
108
69
3
2
14
2
2
2
105
137
2
13
119
1
3
272
108
1
126
56
1
199
36
24
1
1
3
2
270
3
2
22
102
367
2
3
336
23
2
62
1
1
369
100
305
4
286
2
4
2
42
1
66
43
211
2
2
1
1
1
3
3
1
2
1
1
4
2
55
5
253
373
2
1
1
173
2
1
1
3
287
1
1
2
25
1
5
109
27
19
1
2
338
1
1
1
2
76
296
4
2
1
361
2
5
206
9
240
209
1
5
149
16
351
2
22
16
225
149
282
1
3
1
112
204
2
1
282
1
1
1
5
2
101
226
7
176
19
3
1
1
54
6
158
4
1
4
1
40
247
178
176
1
2
1
9
4
1
16
2
7
2
44
2
2
1
1
40
2
12
124
1
1
5
5
2
2
1
17
35
1
20
2
15
3
1
2
3
1
3
80
6
3
1
3
100
1
264
2
2
2
11
1
16
3
6
245
1
1
103
2
1
5
6
21
35
4
1
13
261
328
150
3
25
3
264
56
1
1
164
25
182
256
167
3
55
6
6
2
221
1
4
178
1
204
228
3
46
2
2
2
52
18
21
253
4
2
5
2
2
241
5
3
6
5
149
1
305
1
176
53
180
1
360
4
29
216
1
2
5
3
21
1
2
2
57
7
1
33
1
2
373
318
1
4
1
304
346
2
365
16
41
1
360
18
43
142
267
1
378
7
6
1
14
199
34
46
2
1
229
171
3
4
24
3
277
1
1
1
1
216
1
193
2
273
1
5
3
47
3
6
44
7
198
1
10
3
252
2
3
350
3
369
260
5
180
3
98
308
154
2
3
304
298
4
1
184
1
48
1
40
72
264
3
106
5
353
31
1
2
109
3
351
280
70
6
4
4
8
9
2
1
288
1
1
2
171
6
2
113
102
2
2
47
218
1
1
3
132
35
1
8
1
29
17
1
1
1
3
2
367
3
6
1
35
3
177
131
7
1
17
1
2
1
174
18
33
3
118
4
1
4
1
1
120
1
1
218
2
76
341
313
1
307
12
1
67
12
268
2
2
4
18
129
3
2
1
6
287
347
1
1
55
9
27
5
268
2
2
300
137
1
4
283
1
1
3
1
5
107
1
348
3
1
2
4
2
6
1
157
227
208
6
1
8
6
97
2
1
2
2
2
326
2
1
19
300
1
31
357
315
260
1
6
169
2
177
2
2
9
5
282
1
106
274
14
137
3
364
2
4
6
1
169
1
3
2
23
1
1
306
13
165
2
125
26
11
142
1
5
5
98
3
2
52
3
62
2
2
115
7
3
1
305
10
3
1
145
289
89
2
153
2
2
12
2
2
3
6
183
112
2
209
313
3
2
3
1
1
43
157
1
133
312
61
112
