30
2
13
7
49
5
38
2
1
2
45
1
5
1
4
19
1
52
3
25
10
1
15
45
52
2
2
50
52
5
4
48
34
2
3
3
1
16
11
14
31
24
2
16
51
1
1
1
12
1
9
2
1
2
3
26
53
4
2
42
2
2
37
1
1
3
1
5
2
1
43
19
42
11
49
7
5
2
47
1
5
20
6
26
53
46
2
2
1
14
43
4
1
47
49
1
1
15
33
3
43
1
1
3
19
1
4
1
38
3
8
1
53
5
22
2
53
43
36
41
47
2
3
1
2
1
22
5
3
39
1
5
53
2
52
45
54
2
3
2
1
50
46
1
1
19
17
4
2
2
40
2
2
53
13
12
25
1
29
41
2
40
4
38
1
4
3
1
5
53
35
2
1
3
6
1
1
3
1
3
53
1
37
3
49
1
3
48
23
2
2
1
5
1
1
1
1
19
33
1
1
53
6
1
2
2
42
2
49
48
8
1
3
18
1
1
31
49
2
23
2
2
7
16
1
1
1
29
40
7
2
1
1
1
5
1
1
4
3
49
37
24
1
53
1
54
34
29
47
2
2
31
20
1
36
44
49
1
2
2
1
1
2
4
50
34
3
1
6
46
3
53
2
3
52
7
1
50
4
2
43
30
2
1
32
3
43
34
49
7
4
13
1
1
3
2
1
31
53
2
36
48
48
1
54
1
1
2
1
1
29
10
33
1
28
1
1
4
2
1
3
5
1
11
2
24
5
1
4
1
2
1
29
44
3
1
23
11
48
39
1
53
1
24
54
4
53
27
49
1
3
1
23
3
2
11
26
50
46
1
17
1
40
1
53
11
53
53
19
1
1
3
49
1
11
8
50
3
54
2
14
37
15
1
15
2
52
47
2
18
2
1
3
1
22
45
4
1
1
10
23
54
26
2
1
45
1
54
54
2
20
18
19
1
1
2
51
21
2
49
1
54
41
53
51
2
26
5
53
26
22
53
2
5
1
38
1
4
45
2
1
3
41
40
38
16
1
5
1
3
1
50
12
46
48
1
53
45
2
3
2
39
54
1
1
1
3
4
52
1
53
52
14
3
4
40
54
6
37
10
1
2
1
50
12
34
8
6
3
44
51
1
27
2
1
2
11
46
1
46
44
3
31
51
1
2
3
35
38
2
39
26
2
42
52
1
10
21
5
4
1
2
52
20
24
1
2
45
2
8
25
1
1
5
2
22
2
2
54
51
43
14
3
1
2
1
1
9
15
5
51
2
1
6
7
43
1
16
1
2
9
6
17
5
13
14
50
3
9
5
53
24
52
1
34
42
3
2
1
1
44
3
13
4
4
1
2
1
1
2
48
43
7
1
52
1
37
2
1
3
7
1
3
17
47
49
1
54
1
4
3
1
2
1
1
2
47
54
17
1
1
45
9
4
52
1
5
3
2
2
48
14
14
30
2
2
3
3
1
4
1
1
53
2
52
4
1
10
46
1
47
2
5
1
1
2
54
11
1
2
33
51
12
51
2
14
3
3
2
53
1
37
17
2
16
10
53
7
43
